24.49913 42.42162 1
23.86055 43.81407 1
19.87998 47.19608 1
21.88941 39.96562 1
24.71619 41.89033 1
26.38519 41.26344 1
25.57777 44.68221 1 
24.44696 40.20538 1
20.67107 41.76297 1
24.49216 39.36762 1
20.73242 41.90183 1
25.83995 44.16788 1
25.24129 41.58908 1
18.76816 43.32631 1
20.75036 44.65202 1
30.69477 48.76375 1
21.55129 42.35372 1
19.76704 45.44755 1
24.99448 37.49429 1
21.27634 44.98692 1
22.61749 37.92702 1
21.78285 41.27359 1
22.85588 41.59705 1
18.69394 38.30931 1
22.14234 50.12321 1
22.65999 42.36454 1
24.57392 42.66043 1
17.85446 42.87529 1
22.22208 43.07166 1
22.96608 42.80381 1
24.53214 41.56746 1
27.27324 41.56143 1
18.45216 45.19037 1
21.69627 43.08076 1
22.40903 39.63269 1
16.45387 41.20649 1
27.88787 41.98282 1
19.63757 41.78938 1
26.03491 45.55463 1
21.41822 40.89217 1
22.03734 38.48387 1
27.30151 42.26608 1
18.94788 41.20757 1 
20.94367 42.64399 1
22.77176 41.83351 1
25.92722 42.28241 1
25.12563 43.89605 1
19.93096 44.04323 1
21.69143 42.69263 1
19.67943 40.57341 1
20.68676 45.13386 1
20.45187 42.01687 1
24.11671 43.55432 1
30.84881 42.86683 1
23.96775 41.51652 1
18.68985 40.21947 1
21.41712 48.81472 1
23.35027 38.38386 1
19.73116 40.79106 1
19.75358 43.23322 1
23.55038 35.43022 1
22.57541 43.17267 1
20.45097 39.19259 1
22.73461 39.34896 1
20.70121 42.17143 1
20.03005 42.32726 1
25.37609 37.02688 1
24.27305 42.37588 1
22.58689 41.44646 1
20.26721 43.69433 1
21.17908 40.63734 1
23.93006 41.90391 1
28.09091 41.03152 1
18.51038 41.64659 1
21.52619 44.70359 1
22.25649 43.80594 1
24.37972 39.88996 1
22.59778 39.69903 1
18.46763 43.64747 1
19.15424 38.93536 1
25.88846 40.61189 1
24.71336 39.35915 1
20.89522 43.09098 1
23.76092 40.06674 1
22.02837 40.41415 1
23.94215 41.18148 1
25.24825 41.14218 1
22.46598 41.37875 1
23.68967 45.37351 1
21.47861 43.47852 1
21.27531 38.36688 1
20.80973 40.89868 1
18.98462 42.34872 1
24.48232 41.38247 1
19.65938 40.95648 1
22.86772 43.29881 1
17.18585 44.22728 1
23.11596 44.34342 1
21.18628 42.84951 1
18.73513 47.47353 1
19.99231 40.31594 1
18.76854 46.47558 1
20.44554 45.28425 1
18.95257 39.77453 1
20.65026 41.11637 1
23.60377 41.27383 1
20.87957 37.87281 1
22.07527 39.69451 1
22.70079 37.28614 1
27.29558 43.24879 1
19.71223 45.44824 1
26.17485 37.52009 1
26.36761 40.93795 1
21.06632 46.73851 1
22.50715 41.15214 1
25.46571 38.55569 1
27.06726 43.24842 1
27.69293 39.62854 1
21.14249 46.90384 1
24.47652 42.52265 1
18.94506 41.93294 1
23.46688 39.68728 1
20.76007 42.43669 1
26.32721 42.50365 1
23.82702 44.17628 1
19.49291 44.45095 1 
24.04869 43.29095 1
20.62566 42.53497 1
18.91783 40.71434 1
23.52622 39.80459 1
22.62013 40.06409 1
26.63428 44.95725 1
14.86797 39.41555 1
19.07771 42.56569 1
26.57269 38.82283 1
18.83864 41.91895 1
18.30042 41.94959 1
22.83354 40.44721 1
22.94207 38.31698 1
20.07262 41.83778 1
28.68644 43.19997 1
21.31402 41.64822 1
21.27366 39.81432 1
22.08364 45.90665 1
17.31442 37.03296 1
20.47396 45.89899 1
19.51624 40.09462 1
19.38547 40.20468 1
12.92219 38.26014 1
25.38145 38.23455 1
27.53732 40.23918 1
15.87847 40.90843 1
21.50507 45.11911 1
22.52191 40.34932 1
24.49871 43.68649 1
23.04793 46.53874 1
24.84881 44.59221 1
19.41742 38.33373 1
24.03571 40.76235 1
25.71504 39.86483 1
24.15162 44.02011 1
18.02124 44.43458 1
19.72501 44.84692 1
28.13471 42.03338 1
25.30021 44.15371 1
26.67623 37.69181 1
25.44329 38.05768 1
26.78017 39.15623 1
28.41442 42.37654 1
23.46152 41.97221 1
23.75678 42.39128 1
24.44465 41.27743 1
22.30225 40.65562 1
23.33876 41.60831 1
24.13175 41.16764 1
19.83621 42.17276 1
23.38172 42.42749 1
17.11635 40.62054 1
25.39198 47.70911 1
21.19031 44.66227 1
23.02243 37.10379 1
17.23145 43.46731 1
23.84178 43.14529 1
25.70909 40.48841 1
27.37791 41.03511 1
18.33014 40.36288 1
17.13176 41.41524 1
24.77464 42.91584 1
25.46404 41.33498 1
22.58426 42.15739 1
20.72028 47.61831 1
20.76743 43.22935 1
22.98658 43.16728 1
22.19889 43.23714 1
21.12663 41.27823 1
20.12481 44.85308 1
19.03916 39.67269 1
23.59031 42.23951 1
17.42509 40.99422 1
18.59197 39.51127 1
22.15722 39.53415 1
15.55231 43.58558 1
18.88778 41.22123 1
25.30519 40.48091 1
25.72593 44.44402 1
20.79549 41.16596 1
19.07911 38.43467 1
20.20469 37.42975 1
23.36438 46.44392 1
21.47671 45.14648 1
23.21749 42.34854 1
18.93992 40.51545 1
17.73363 46.69658 1
23.60797 43.69352 1
19.84123 45.28725 1
24.13012 40.03109 1
20.38822 40.78239 1
23.73235 41.41803 1
28.57596 36.80627 1
23.92358 45.25372 1
23.94025 33.15129 1
18.35114 42.76306 1
23.53747 39.20441 1
16.84718 42.52657 1
17.76195 40.93244 1
19.38488 43.21408 1
20.40279 41.16868 1
23.11611 42.62424 1
24.32514 45.05669 1
28.54017 45.98705 1
22.63681 39.00508 1
22.88551 39.70553 1
16.40141 38.56118 1
19.78966 40.79108 1
17.59529 38.06124 1
27.24019 44.37747 1
17.28915 44.01403 1
22.22385 38.19695 1
20.25696 42.03907 1
22.20995 43.73092 1
18.09963 43.66285 1
18.97674 42.51286 1
20.47793 42.29533 1
18.29407 48.99245 1
19.94434 45.68902 1
20.94006 43.10037 1
25.70512 43.76296 1
23.54052 37.24456 1
24.18931 44.45208 1
21.75509 41.29992 1
20.30362 42.52366 1
19.58041 41.96349 1
23.40573 44.12127 1
29.73297 46.66281 1
22.24182 39.86461 1
19.92004 39.96693 1
26.10285 44.51321 1
20.38867 44.47164 1
25.42283 43.27816 1
22.10929 46.26897 1
19.88936 42.19906 1
23.55721 40.17251 1
18.26277 43.04677 1
21.89764 44.08436 1
18.78529 43.49926 1
25.21537 35.45261 1
22.11323 40.64256 1
27.25174 38.85702 1
21.02721 38.85815 1
20.45211 39.26678 1
23.96483 38.47346 1
20.26436 45.65521 1
20.92621 42.08861 1
22.58847 40.28705 1
25.28072 44.64133 1
20.23755 45.26031 1
24.69538 38.31108 1
20.47131 41.70823 1
26.19082 45.45123 1
20.60854 46.50786 1
14.86465 39.24553 1
21.18729 40.98119 1
27.89721 43.53648 1
28.05977 43.85875 1
22.36717 41.63698 1
21.75414 41.94129 1
20.90822 43.00155 1
16.04674 39.47387 1
16.39525 40.72768 1
19.22544 41.63995 1
18.23734 37.86842 1
15.09132 42.48666 1
21.11944 37.55363 1
23.25932 46.77978 1
20.22667 43.44931 1
22.21869 43.99461 1
19.44428 41.20637 1
18.97917 38.42245 1
28.38799 41.94319 1
22.75153 44.71546 1
19.47357 41.09777 1
21.70481 43.34498 1
20.05443 43.15197 1
21.53213 40.54362 1
23.26383 40.48366 1
24.43385 41.88171 1
22.95362 40.80859 1
18.64476 42.12109 1
23.32116 44.71174 1
21.92597 41.04262 1
18.85675 45.35832 1
18.91858 43.63048 1
20.81045 41.37746 1
25.31576 40.57121 1
18.47886 37.22096 1
25.36144 40.86204 1
23.84705 43.43911 1
23.59837 43.64732 1
23.21675 41.17931 1
24.77166 39.70451 1
23.22607 42.54149 1
22.78082 43.49991 1
23.01065 40.07291 1
22.98265 44.05435 1
21.96441 42.51902 1
24.87953 46.60554 1
17.62537 41.42438 1
25.76233 39.39922 1
18.45321 42.61193 1
21.08512 38.96901 1
18.16523 43.37596 1
20.93127 41.38302 1
23.18989 44.35862 1
16.01424 35.46821 1
22.83343 40.62843 1
21.53734 43.03224 1
24.35477 40.29004 1
23.00713 41.81883 1
23.49042 40.76325 1
24.84223 42.19841 1
18.42764 44.92299 1
22.18352 45.55255 1
24.86614 39.75598 1
16.97232 41.02643 1
25.54828 42.90568 1
21.58008 39.61883 1
24.38484 38.55057 1
22.64612 41.77192 1
21.77497 43.43453 1
19.06912 39.89143 1
23.55807 40.55986 1
21.57363 42.44982 1
24.30746 44.79692 1
25.95411 40.73061 1
25.01666 41.30833 1
19.92202 39.32923 1
23.00459 45.14971 1
20.76019 44.20178 1
21.97431 42.32289 1
22.18867 43.23339 1
21.86381 42.79264 1
16.07739 41.78057 1
20.41593 40.27365 1
31.45213 39.97186 1
20.48494 43.89518 1
25.19132 42.37055 1
19.02513 38.54421 1
12.89141 42.29139 1
19.88653 43.52751 1
25.51203 39.23915 1
23.09355 40.15783 1
27.71424 41.29329 1
26.05915 39.08291 1
21.83604 41.58457 1
23.29848 38.78023 1
23.52764 44.31151 1
22.65579 42.48843 1
20.45764 39.92812 1
22.94048 43.76302 1
15.77712 37.31387 1
23.14551 41.24533 1
20.40349 40.93581 1
23.38787 44.53519 1
27.18711 39.51531 1
22.10989 40.32617 1
24.97788 39.78913 1
24.78831 40.27902 1
18.76459 45.91586 1
23.54239 43.02388 1
18.18218 41.01176 1
18.36794 41.15107 1
23.26588 41.34495 1
20.92342 40.72208 1
23.36627 43.11772 1
24.98574 43.96081 1
20.39735 42.45902 1
23.35413 40.51221 1
18.56015 40.64273 1
20.19541 43.83955 1
25.38632 39.92077 1
26.33629 42.88391 1
22.26221 39.27809 1
25.48968 43.45784 1
24.91527 39.85911 1
16.56887 41.27111 1
17.96851 44.12289 1
22.33312 38.78983 1
21.49602 40.39881 1
26.35258 43.27478 1
24.81092 38.62384 1
23.49696 42.02628 1
25.51377 46.01021 1
23.67461 42.99935 1
21.83281 40.05093 1
24.92469 44.85941 1
27.26584 39.63436 1
19.23306 39.49658 1
21.17831 44.63434 1
25.12717 40.48402 1
22.32183 39.38764 1
25.97591 43.45915 1
22.64592 41.48966 1
28.79806 43.06278 1
25.11033 41.27783 1
17.71003 41.05276 1
21.82347 45.55323 1
20.40235 42.35187 1
25.25446 39.94433 1
21.31866 40.83226 1
22.31537 41.62514 1
21.28857 42.82141 1
25.58154 43.51569 1
20.16191 42.95329 1
20.96841 43.06164 1
24.79724 40.76975 1
15.87211 38.85933 1
21.31594 41.09688 1
22.56417 46.87361 1
23.92941 42.93503 1
23.17165 42.41879 1
16.45185 41.51918 1
21.86529 44.34472 1
19.02946 40.12813 1
17.68709 40.09219 1
22.56852 42.49924 1
20.07495 42.73741 1
18.32965 44.06806 1
22.18554 43.58448 1
21.82241 41.65991 1
22.89598 43.08923 1
20.51964 39.53463 1
21.03188 44.75247 1
26.8032 41.007891 1
20.05699 40.52509 1
19.28096 43.50126 1
22.71574 39.63014 1
21.79742 36.88507 1
25.23921 42.50696 1
21.86547 40.96198 1
22.85794 41.28096 1
23.47792 41.07221 1
25.20981 46.69221 1
22.54676 43.76153 1
21.09577 46.68306 1
24.25288 45.08857 1
19.95477 39.66743 1
21.99421 40.14475 1
19.63491 39.34338 1
20.47367 39.84038 1
23.00237 43.40296 1
21.70274 45.91926 1
24.21438 40.85957 1
23.44345 45.40637 1
20.65387 42.29604 1
21.00574 44.49575 1
20.11841 44.96771 1
20.19602 43.49604 1
22.56058 42.95579 1
21.94612 42.40659 1
17.34894 40.68611 1
27.33741 34.55716 1
28.24596 41.13294 1
22.13856 42.02791 1
16.72388 42.91758 1
19.32721 43.49436 1
24.72361 40.71194 1
31.88444 43.06943 1
21.75734 42.93445 1
18.29745 40.06949 1
19.41636 47.82512 1
27.65737 41.70034 1
16.27622 38.59582 1
21.60357 41.18218 1
22.57246 40.16854 1
26.64675 40.43391 1
19.25338 45.61512 1
29.48077 40.27454 1
20.62761 40.72413 1
19.01179 44.86662 1
19.11832 43.41461 1
11.88423 26.94121 0
6.471799 22.90751 0
9.190089 24.05073 0
9.798736 22.41174 0
11.74802 28.73951 0
10.60472 27.39053 0
10.78697 28.23907 0
12.65573 26.65251 0
2.561558 24.82167 0
8.07458 27.419111 0
14.35483 27.95722 0
10.40368 25.55035 0
6.703473 27.37426 0
11.85369 22.64047 0
6.262012 24.71712 0
10.78526 25.50006 0
11.18865 25.48089 0
5.412804 24.31665 0
12.37713 23.14919 0
8.149417 26.06141 0
10.45793 26.58632 0
8.121556 22.25784 0
8.743062 21.36694 0
7.929506 23.53421 0
2.610198 24.46923 0
10.05945 25.48036 0
16.01052 27.41809 0
9.612166 24.15136 0
9.999587 27.97926 0
9.326022 19.61387 0
12.56388 22.58097 0
8.818345 23.57872 0
7.828035 26.40799 0
10.78274 25.53768 0
7.51047 28.994316 0
11.87694 27.59448 0
12.09238 26.78764 0
8.923367 27.79763 0
11.11582 25.05295 0
9.80711 23.617116 0
13.37925 22.74347 0
7.897211 25.62812 0
10.97103 24.77763 0
9.822065 24.19519 0
8.519338 25.17126 0
10.90322 21.20351 0
12.30371 23.86383 0
13.79221 21.41551 0
17.11459 26.32208 0
6.848636 25.88129 0
9.140365 24.26706 0
10.19087 25.81592 0
5.462592 26.04642 0
14.33952 22.80481 0
12.33615 24.09363 0
12.97287 27.42681 0
9.008645 25.10616 0
6.962441 21.84893 0
10.08523 29.80885 0
5.703116 23.77223 0
7.626149 26.82913 0
8.733582 24.34058 0
4.808648 26.03768 0
8.790157 23.49267 0
9.055373 27.36678 0
11.06002 24.63705 0
12.44907 26.88517 0
11.73537 24.52282 0
15.07657 23.07655 0
13.24134 24.38357 0
13.16039 25.82534 0
13.98659 25.27644 0
10.62703 23.60561 0
12.01506 26.85003 0 
10.96649 23.68994 0
9.296447 23.73004 0
11.53586 22.00085 0
9.699674 24.18201 0
9.936382 25.04372 0
8.956978 29.48106 0
9.865034 25.59242 0
11.07813 23.81123 0
7.657638 26.39508 0
1.869888 23.01311 0
10.32542 23.77805 0
9.564998 26.21232 0
8.885536 25.04639 0
9.233417 24.89317 0
11.02103 24.50952 0
8.480063 24.96214 0
14.01981 24.65314 0
7.741847 21.20431 0
3.855509 28.79547 0
8.170976 26.39743 0
12.49306 25.82366 0
10.73975 21.47239 0
10.10514 21.59372 0
10.22653 23.79189 0
3.658771 23.40125 0
9.492709 22.16631 0
