18.82965 1
19.34260 1 
23.32371 1 
24.76455 1 
22.83869 1
22.85161 1 
20.16187 1 
22.48396 1 
20.41424 1 
23.95360 1
19.24279 1 
20.41632 1 
18.29648 1 
18.39792 1 
20.84778 1
20.29568 1 
25.61948 1 
21.41610 1 
25.27686 1 
24.95884 1
23.95511 1 
15.65640 1 
21.83686 1
23.71887 1
19.36832 1
20.19064 1 
22.18908 1 
18.67434 1 
21.66099 1 
18.18060 1
22.96955 1 
26.52981 1 
18.95933 1 
24.15162 1 
20.2179  1
20.61197 1 
24.43144 1 
27.55344 1 
25.3096  1 
18.02679 1
17.47493 1 
23.02547 1 
18.29327 1 
15.52587 1 
26.17592 1
15.99308 1 
20.50746 1 
22.01832 1 
22.39449 1 
25.45992 1
23.53396 1 
22.02239 1 
27.09206 1 
22.01807 1 
22.31013 1
25.07509 1 
21.24029 1 
17.87848 1 
22.93385 1 
22.09458 1
15.81675 1 
19.69452 1 
22.41199 1 
25.78676 1 
23.68352 1
23.87061 1 
19.32725 1 
20.44891 1 
20.09800 1 
22.44712 1
17.43302 1 
25.12767 1 
25.16213 1 
21.31129 1 
26.21823 1
20.15866 1 
25.91221 1 
24.31844 1 
24.55414 1 
21.69968 1
23.66822 1 
19.41224 1 
20.07650 1 
22.11864 1 
20.64771 1
23.60199 1 
23.28050 1 
24.41047 1 
24.11357 1 
23.23662 1
19.44958 1 
17.27063 1 
23.68754 1 
31.13618 1 
22.94224 1
19.25622 1 
17.31970 1 
24.74122 1 
24.11086 1 
19.11029 1
21.66384 1 
22.20797 1 
19.54269 1 
25.47208 1 
22.35019 1
26.96310 1 
25.42774 1 
16.56767 1 
22.87185 1 
18.51110 1
19.33319 1 
24.59957 1 
16.80951 1 
21.07477 1 
21.21225 1
28.08009 1 
22.54713 1 
23.93162 1 
24.39936 1 
20.22565 1
24.12688 1 
24.16154 1 
21.02980 1 
22.30991 1 
20.68747 1
22.12870 1 
20.07282 1 
21.81629 1 
24.17845 1 
27.51087 1
17.76034 1 
20.17335 1 
27.20799 1 
21.16059 1 
24.52607 1
18.63098 1 
19.69284 1 
18.42772 1
19.84425 1 
23.67077 1
22.38537 1 
20.99142 1 
19.42429 1 
27.20605 1 
19.86946 1
22.80547 1 
16.83176 1 
22.26032 1 
20.39743 1 
25.94654 1
15.71875 1 
25.24524 1 
21.94399 1 
21.94864 1 
20.59591 1
20.59706 1 
22.97047 1 
19.34037 1 
25.19118 1 
16.77678 1
19.83052 1 
24.84734 1 
28.54193 1 
24.95181 1 
23.85551 1
18.23893 1 
27.06227 1 
23.36274 1 
21.55446 1 
22.45635 1
18.87566 1 
20.50877 1 
22.43045 1 
26.51711 1 
22.53434 1
20.69105 1 
24.74622 1 
23.11858 1 
20.20338 1 
20.27543 1
19.30688 1 
20.75606 1 
24.63682 1 
24.91572 1 
23.05913 1
23.03623 1 
19.21328 1 
20.67270 1 
21.22961 1 
23.77764 1
19.38228 1 
26.54095 1 
21.41488 1 
19.16905 1 
18.76805 1
18.50926 1 
23.17201 1 
19.48741 1 
24.84148 1 
22.63791 1
21.73975 1 
18.78426 1 
22.84738 1 
20.97354 1 
23.58351 1
20.83298 1 
27.35794 1 
22.51275 1 
25.05446 1 
23.76596 1
26.87640 1 
20.61773 1 
21.47205 1 
26.59260 1 
20.39440 1
20.45850 1 
20.72892 1 
20.45837 1 
19.19428 1 
21.85211 1
19.98347 1 
25.09782 1 
18.36116 1 
19.81139 1 
26.79554 1
21.20837 1 
24.84601 1 
25.78399 1 
22.59553 1 
19.83548 1
18.88349 1 
27.14127 1 
21.43546 1 
25.13048 1 
19.97147 1
20.49309 1 
19.28387 1 
19.39490 1 
21.63308 1 
19.02529 1
25.07564 1 
22.11757 1 
27.30125 1 
24.84641 1 
25.49706 1
24.02269 1 
20.00282 1 
25.19943 1 
24.07039 1 
21.94787 1
23.77767 1 
22.17739 1 
20.03060 1 
21.69882 1 
24.14193 1
22.80519 1 
19.73403 1 
30.71371 1 
22.72358 1 
22.21449 1
20.87209 1 
20.77378 1 
23.10774 1 
22.46087 1 
19.31266 1
25.65009 1 
20.81191 1 
19.37231 1 
21.80976 1 
20.34225 1
20.62674 1 
18.81223 1 
17.39811 1 
19.14891 1 
19.90161 1
24.75536 1 
22.76455 1 
25.11967 1 
18.97946 1 
19.84664 1
22.03044 1 
17.66540 1 
26.68624 1 
22.19339 1 
22.32644 1
22.52906 1 
21.44187 1 
18.54581 1 
24.49640 1 
19.81717 1
19.46413 1 
20.46019 1 
22.16722 1 
16.33928 1 
20.83571 1
24.80237 1 
23.21351 1 
20.47204 1 
21.31235 1 
21.25718 1
18.96178 1 
21.00775 1 
25.72411 1 
23.13438 1 
25.91569 1
17.82305 1 
18.68330 1 
26.36264 1 
24.15699 1 
27.68949 1
26.03711 1 
21.87178 1 
24.59946 1 
22.20433 1 
25.66017 1
16.72718 1 
18.72401 1 
17.44536 1 
19.37934 1 
25.69415 1
23.10795 1 
22.72458 1 
21.54264 1 
20.95601 1 
23.83121 1
22.52334 1 
18.43259 1 
22.56518 1 
24.88170 1 
22.63706 1
22.68277 1 
25.09161 1 
19.64562 1 
19.59990 1 
17.24298 1
21.48558 1 
21.15771 1 
22.66036 1 
17.75805 1 
22.05784 1
24.52066 1 
23.89444 1 
18.05359 1 
21.62850 1 
22.79004 1
20.97936 1 
24.11333 1 
24.36486 1
23.49511 1 
21.89269 1
21.06463 1 
25.21610 1 
24.79707 1 
17.91477 1 
25.80169 1
19.77584 1 
25.49574 1 
17.98409 1 
25.47173 1 
26.22882 1
20.05357 1 
23.02432 1 
19.56818 1
20.38938 1 
29.34870 1
19.80878 1 
25.05155 1 
18.94596 1 
23.24804 1 
21.32769 1
22.63551 1 
28.95974 1 
19.00910 1 
26.59950 1 
26.78874 1
20.17913 1 
21.99816 1 
24.10589 1 
22.78345 1 
19.04231 1
17.32381 1 
21.47810 1 
26.55195 1 
27.65801 1 
17.71247 1
21.71783 1 
22.71729 1 
21.94069 1 
21.98275 1 
18.06748 1
19.26105 1 
23.30905 1 
22.36089 1 
24.40361 1 
22.58948 1
22.56039 1 
20.36961 1 
24.15128 1
18.09359 1 
28.01718 1
23.51153 1 
18.13489 1 
19.22563 1 
21.39471 1 
22.22788 1
22.35566 1 
20.94295 1 
23.97786 1 
19.24138 1 
17.48904 1
26.38467 1 
20.08210 1 
19.16714 1 
24.16657 1 
18.40202 1
23.78029 1 
19.49466 1 
21.44067 1 
13.41412 1 
20.07074 1
22.20400 1 
22.44096 1 
21.01186 1 
28.88142 1 
25.07793 1
20.49174 1 
24.27558 1 
23.35732 1 
18.87187 1 
23.23457 1
20.51096 1 
22.70387 1 
20.11684 1 
23.88170 1 
19.86855 1
19.93630 1 
27.20260 1 
20.23530 1 
21.16353 1 
20.02400 1
26.11605 1 
20.55420 1 
15.84764 1 
19.02954 1 
18.17359 1
15.69440 1 
21.82894 1 
20.47528 1 
25.17985 1 
18.41068 1
21.02912 1 
19.48025 1 
23.32029 1 
23.94547 1 
19.76851 1
20.68718 1 
23.81839 1 
22.54118 1 
26.45342 1 
22.25914 1
20.17984 1 
22.66272 1 
22.77972 1 
17.37003 1 
26.32472 1
25.63165 1 
19.02894 1 
22.01913 1 
20.75904 1 
19.82844 1
21.62241 1 
23.06429 1 
15.81775 1 
25.46213 1 
22.43878 1
22.96122 1 
21.82433 1 
19.46827 1 
18.83099 1 
23.25171 1
20.86584 1 
19.83440 1 
21.88531 1 
15.82110 1 
17.96317 1
14.54175 1 
17.85650 1 
21.74510 1 
23.43466 1 
21.99950 1
23.33176 1 
23.40054 1 
21.95416 1 
24.52935 1 
21.45348 1
24.29719 1 
19.45375 1 
22.33767 1 
24.91521 1 
20.05031 1
8.363334 0 
14.39314 0 
8.030720 0 
5.471092 0 
3.972128 0
14.77526 0 
7.212242 0 
7.284174 0 
15.83960 0 
8.586838 0
11.12723 0 
10.68715 0 
1.685758 0 
11.38499 0 
8.755321 0
12.69592 0 
11.08989 0 
11.24825 0 
9.209799 0 
11.05317 0
9.338772 0 
6.705427 0 
4.982136 0 
9.154375 0 
11.01480 0
14.01407 0 
8.165606 0 
6.849486 0 
9.718753 0 
7.198487 0
10.68453 0 
11.35150 0 
10.77707 0 
11.93059 0 
9.618524 0
4.923371 0 
9.016489 0 
5.862962 0 
5.430641 0 
9.578534 0
9.899474 0 
8.000634 0 
5.710649 0 
8.814017 0 
7.804071 0
11.80157 0 
6.738578 0 
9.793681 0 
13.38175 0 
7.750336 0
6.701107 0 
9.306876 0 
10.62493 0 
8.733360 0 
9.016175 0
8.272364 0 
2.657238 0 
13.24044 0
9.890123 0 
20.27307 0
6.094943 0 
9.422559 0 
11.82448 0 
9.747420 0 
7.020942 0
12.60407 0 
8.768290 0 
7.245445 0 
12.42873 0 
4.886777 0
7.963243 0 
9.063094 0 
11.28567 0 
7.976510 0 
11.39358 0
4.277920 0 
5.433506 0 
13.67458 0 
7.947200 0 
10.91412 0
10.89985 0 
6.729433 0 
5.318470 0 
10.81713 0 
7.740162 0
12.84036 0 
11.35794 0 
7.385262 0 
11.63682 0 
2.562318 0
12.32774 0 
12.20412 0 
9.752522 0 
11.43952 0 
11.19915 0
8.359985 0 
11.61422 0 
10.13286 0 
12.88510 0 
9.814769 0
